# Camera 1
fx1: 609.4126221978956
fy1: 610.1295373558264
cx1: 617.9598918537741
cy1: 387.1960624204926

# Camera 2
fx2: 608.2991789684896
fy2: 608.8739378620633
cx2: 626.8139468898711
cy2: 380.8007129166418

# Baseline (m)
baseline: 0.060706431291044395