# Camera 1
fx1: 1025.1407333229708
fy1: 1025.1407333229708
cx1: 672.4855422973633
cy1: 437.01667404174805

# Camera 2
fx2: 1025.1407333229708  
fy2: 1025.1407333229708
cx2: 672.4855422973633
cy2: 437.01667404174805

# Baseline (m)
baseline: 0.06117053
