# Camera 1
fx1: 1037.5155663321048
fy1: 1037.5155663321048
cx1: 652.2897720336914
cy1: 428.0453338623047

# Camera 2
fx2: 1037.5155663321048  
fy2: 1037.5155663321048
cx2: 652.2897720336914
cy2: 428.0453338623047

# Baseline (m)
baseline: 0.060342707
