# Camera 1
fx1: 921.178331007553
fy1: 921.178331007553
cx1: 676.8535537719727
cy1: 406.8917465209961

# Camera 2
fx2: 921.178331007553  
fy2: 921.178331007553
cx2: 676.8535537719727
cy2: 406.8917465209961

# Baseline (m)
baseline: 0.060841565
