# Camera 1
fx1: 716.887902329287
fy1: 716.887902329287
cx1: 641.2215270996094
cy1: 396.2036361694336

# Camera 2
fx2: 716.887902329287  
fy2: 716.887902329287
cx2: 641.2215270996094
cy2: 396.2036361694336

# Baseline (m) 
baseline: 0.060639188
