# Camera 1
fx1: 715.9993276691688
fy1: 715.9993276691688
cx1: 643.762825012207
cy1: 408.4534378051758

# Camera 2
fx2: 715.9993276691688  
fy2: 715.9993276691688
cx2: 643.762825012207
cy2: 408.4534378051758

# Baseline (m) 
baseline: 0.060554668
