# Camera 1
fx1: 615.621028564316
fy1: 615.621028564316
cx1: 617.1966400146484
cy1: 386.0561294555664

# Camera 2
fx2: 615.621028564316
fy2: 615.621028564316
cx2: 617.1966400146484
cy2: 386.0561294555664

# Baseline (m)
baseline: 0.060735688