# Camera 1
fx1: 908.3267918984888
fy1: 909.5470440474505
cx1: 674.1347474933119
cy1: 400.1799450033131

# Camera 2
fx2: 904.5950891591896  
fy2: 905.7861629218111
cx2: 671.8336175939036
cy2: 401.29175418047214

# Baseline (m)
baseline: 0.06066451800421507
